 1,  -0.28532   -0.099326     0.12444    0.032073    -0.14793    0.018681   -0.016595     0.06273    0.029928    0.062987   -0.010145     0.14143    0.041004    0.037009     0.15701    0.063441    -0.10876    0.041045   -0.038458     0.14704    -0.42049   -0.026625    0.074869    -0.27737     0.51821     0.48953    0.064911;
 2, -0.026068    0.092895   0.0058185    -0.53487    -0.17341    -0.17212   -0.098398     0.15792    0.018946    0.023496     0.13284   -0.081542    0.041806     0.29851   -0.018463      0.2234   -0.029543    -0.59621   -0.072535    -0.18727     0.11561    0.041301    0.018276   0.0018661   -0.018295     0.13942     0.10997;
 3, -0.086172    -0.33554    -0.15051   -0.032913     0.27335   0.0027477   -0.038446   -0.030177        -0.3   -0.039889     0.48287   0.0017454     0.60904     -0.1355    -0.16632     0.17264  -0.0035797    0.031507    0.049924   -0.017623  -0.0065646   -0.034517    -0.04128   -0.011412    0.026163    0.001697  -0.0070252;
 4,   -0.2996   -0.050613    0.028722  0.00052811    -0.15753    0.042205    0.086058     0.08358     0.24339    0.084625   -0.037359    -0.15629    0.094571    -0.26452   0.0034635    0.050991     0.21743    0.089442      0.3506    -0.50166   -0.021824     0.43395     0.24977   -0.080571   -0.023782   -0.062529    0.011189;
 5,   0.13356    -0.26169   -0.049934    -0.22302    -0.31461    -0.26405   -0.035332     0.16217    -0.44464    -0.37841    -0.19551    0.036576    -0.11642    -0.46459     0.19384    -0.10553    0.063822   0.0028976    0.033384 -0.00019593    0.012676   -0.020778    -0.02005  -0.0054532    0.012324    0.015383   0.0047646;
 6,  -0.18761    0.075318   -0.085958    -0.36425     0.29586     0.09209  -0.0034613   -0.052146     0.44419   -0.044564    -0.08339    -0.27749    0.013676    -0.53253     0.10995    0.073315   -0.026909   -0.060753    -0.13771     0.23732   -0.010451    -0.20162      -0.115    0.038627   0.0074436    0.024514  -0.0028409;
 7,  -0.24843    -0.11229     0.24514    0.014251   -0.085658    0.025121     0.17594    0.051082     0.05382   -0.076859   -0.059187     0.10119    0.079831    0.017603   -0.078972   -0.028724    -0.13751    0.063994     0.11326     0.20874     0.76599    -0.14432     0.26003  0.00039581     0.11385     0.14092   -0.012562;
 8,   0.11072    -0.13572   -0.063028    -0.18591    -0.46186     0.56822   0.0061393    -0.60802   0.0042771    -0.03743    0.073455   0.0046379      0.0343    -0.02124   -0.025404   -0.057973     0.02404   -0.033417   -0.024455   -0.045819    0.021225   -0.047819   -0.039924    0.017807   0.0029052    0.045136    0.036153;
 9,   0.06091    -0.36958   -0.089777     0.16159    0.074164    0.059599     0.11683   -0.044028    0.025998    -0.12809    -0.22153   -0.047318     -0.3143    0.018857    -0.21521     0.74749   -0.070663   -0.011114    -0.11836    -0.05248    0.020054    0.051059   -0.014318   -0.053661    0.015029  -0.0080403  -0.0065404;
10,   -0.2862   -0.095385     0.12777    0.022222    -0.14384    0.017746   0.0084926    0.065414    0.031463  -0.0080574   -0.031085    0.074396    0.077386    0.074831    0.075963   -0.029571     0.14752    -0.10514    -0.30936    -0.12515      0.0478    -0.15237    -0.26252    -0.31189     0.20261    -0.53562    -0.42097;
11,   0.13238   -0.040855     0.24581    -0.42037    0.078721   -0.081403    0.049815    0.037476    0.032865    0.071035   -0.024573  -0.0097101   -0.024449     0.17863   -0.083318     0.05613     0.20209     0.60933   -0.027246    -0.30156    0.065873    -0.18726    -0.31077   0.0091152    0.079507     0.13958     0.10893;
12,  -0.14153    -0.31059   -0.075716   -0.016901     0.18705    0.014255    -0.46079    -0.12807    0.012816    -0.22937    -0.37863    -0.36128     0.15989     0.39342     0.23893    -0.15289   -0.076224    0.071574    0.054753   -0.014734    0.028665    0.076867    0.065281    0.018419   -0.023319  -0.0043867   0.0078408;
13,  -0.24809    -0.12308       0.226    0.012605    -0.10162    0.036892     0.22874    0.098372     0.10113    -0.23611   -0.075785      0.1459     0.16674     0.10283   -0.033049   -0.026323    0.038505   0.0062857    -0.14115    0.068009    -0.26672    -0.17337    0.048861    -0.14353    -0.67734    0.043247     0.23301;
14,   0.23129    -0.20842      0.1368   -0.096063    -0.15013    -0.22327    0.011887   -0.054201     0.26466     0.10293     0.10957   -0.014525    0.041684  0.00096767    0.021012   -0.015151    -0.44574    0.051048     0.31902     0.24503   0.0022929     0.29113    -0.34346      -0.312    -0.14368   -0.087928    -0.11331;
15,  -0.28763   -0.025855    0.011656    0.027977    0.084824    -0.28447   -0.023193    -0.33858    0.054648    -0.33145     0.43185   -0.036003    -0.42067      0.1214  -0.0016228    -0.03562     0.37232   -0.023977     0.21428     0.15655   0.0035906    0.020245   -0.075645   -0.045158   0.0047191    0.030963  4.0542e-05;
16,  -0.29085   -0.073161    0.076661    0.031809    -0.18203    0.063801     0.14785     0.15543    0.033465    -0.10209    0.014398    0.023529    0.039327    0.088642    0.034987    0.041968    -0.15018   0.0075161    0.082101    0.086818    -0.12295     0.14584     -0.3649     0.74813     0.12645    -0.11004    0.031923;
17,   0.21608    -0.22631    0.088435    -0.10314    -0.25622    -0.25632  -0.0085112    0.013951     0.23114     0.11281     0.17537    -0.19476     0.05644    0.072661   -0.057588    0.037946     0.11198     0.17902    -0.20686     0.23665    -0.18662   -0.083357     0.53985     0.23798    0.072508    -0.22038       -0.13;
18,   -0.1251    -0.31379    -0.12076    -0.17724     0.23361    0.071354     0.01082    0.035491    0.067646    0.017142     0.24206     0.27985    -0.37316    -0.02236    0.031866    -0.30759    -0.42922    0.051477    -0.26052    -0.31417  -0.0082104    0.083666     0.18741    0.055948    -0.02937   -0.045026   0.0053472;
19,  -0.13004     0.34777     0.02975    -0.16483  -0.0073754   -0.035797   -0.041707    -0.14548     -0.1609     -0.1766  -0.0037622    0.067889     0.10181  -0.0053569   -0.019066     0.13371   -0.048792      0.2724    -0.45619     0.19359    0.083395     0.61502    0.058377   -0.053532    -0.05146   0.0079878   -0.056193;
20, -0.066817   -0.053791    -0.37704   -0.085896    0.067353     -0.2887     0.60555    -0.30094   -0.080316     0.24006    -0.17824    0.027704     0.11807     0.15639     0.40057    0.011529    0.025203    0.001621  -0.0071094  -0.0084138    0.030405  -0.0053628    0.020636    0.012099  -0.0038389  -0.0067787   0.0038394;
21, -0.033905    0.026657    -0.43275    0.020913    -0.15593    -0.25309    -0.31002   -0.069324     0.35968   -0.077089     -0.1617     0.54103     0.17378   -0.021225    -0.19198    0.031526     0.07607    0.075976    0.014585   -0.010998    0.066562     -0.0654   -0.048123    0.028415    0.080462   -0.097278      0.2425;
22,  -0.13862     0.22942  -0.0088722    -0.38057      0.1133     0.16674   -0.035364   -0.016615    -0.21122    -0.05646    -0.11066     0.23714   -0.070862     0.10275   -0.021077     0.21215    -0.16865     0.12141     0.47187     0.13034    -0.21556     -0.1584     0.27086   -0.025885  -0.0071805    -0.31921    -0.18273;
23,  -0.11947    -0.14723     0.36996    0.029163    0.066333   -0.089288    -0.36383    -0.22369    -0.13815     0.50312    -0.03377     0.26422   -0.066005    -0.17982     0.32252     0.20825     0.12612   -0.074187   -0.029764    0.046787    0.069294    0.022952  -0.0087171     0.15804    -0.19735   -0.034672    0.096314;
24,   0.18699   -0.055545     0.34385   -0.045025     0.24434    0.017536     0.18657    -0.13141   0.0056762    -0.15195   -0.098427    0.050085    0.073098   -0.018073   -0.042164    -0.10287    0.039342     -0.1961   0.0022162    0.033669   -0.058207     0.15144    0.060441    -0.07528     0.34293    -0.38376     0.57845;
25,-0.0094535    -0.31057    -0.19354    -0.22575     0.10267     0.27109    0.056115     0.29049   -0.043869     0.26619    -0.12668     0.11428    -0.11737     0.10384    -0.20502    -0.19624     0.43186   -0.069225    0.037302     0.39017    0.018447     0.28304   -0.066917    -0.05733   -0.029676    0.038767    -0.03093;
26,  -0.28913  -0.0038202    0.054219   -0.042098   -0.047876    -0.28931   0.0020315    -0.27614    -0.22589     0.25841    -0.26034    -0.21112    -0.05044   -0.098488    -0.64051    -0.20824    -0.16248   -0.068013   -0.034557   -0.024967    -0.11935   -0.065202   -0.038704    0.017824  0.00020929     0.01629  -0.0014633;
27,   0.22621   -0.068193      0.2691   -0.048556     0.24873    -0.08295    0.095875    -0.20067     0.16703     -0.2206    -0.20245     0.31314     0.16866   -0.027627    -0.10666   -0.083604     0.12884    -0.22649    0.036988    -0.13236    -0.10622     0.10573    0.046582      0.1893    0.019061     0.26992    -0.51725;